0.011826,0.026332,0.042104,0.057652,0.07258,0.086638,0.099622,0.11136,0.12171,0.13058,0.13792,0.14372,0.14804,0.15098,0.15268,0.15334,0.15314,0.15228,0.15096,0.14931,0.14742,0.14534,0.14303,0.14041,0.13737,0.13376,0.12943,0.12427,0.11817,0.11108,0.10298,0.09393,0.084017,0.073395,0.062261,0.050865,0.039499,0.02851,0.018315,0.009479,0.0030886
0.054421,0.12117,0.19376,0.26531,0.33403,0.39874,0.45852,0.51257,0.56026,0.60114,0.63495,0.6617,0.68163,0.6952,0.70309,0.70613,0.70524,0.70133,0.69526,0.68768,0.67902,0.66945,0.65882,0.64678,0.63277,0.61614,0.59623,0.57245,0.54435,0.51168,0.47439,0.43269,0.38703,0.3381,0.28681,0.23431,0.18196,0.13133,0.084372,0.043666,0.014228
0.12197,0.27157,0.43426,0.59468,0.74876,0.8939,1.028,1.1493,1.2564,1.3483,1.4243,1.4845,1.5294,1.56,1.5779,1.5849,1.583,1.5744,1.5609,1.5439,1.5246,1.5032,1.4794,1.4524,1.421,1.3837,1.339,1.2856,1.2225,1.1492,1.0654,0.97178,0.86924,0.75935,0.64417,0.52626,0.40866,0.29497,0.1895,0.098073,0.031956
0.19401,0.43201,0.69085,0.94614,1.1914,1.4226,1.6362,1.8296,2.0005,2.1471,2.2686,2.3649,2.4369,2.4861,2.515,2.5266,2.524,2.5105,2.4893,2.4625,2.4319,2.3979,2.3601,2.3172,2.2671,2.2077,2.1365,2.0514,1.9508,1.8337,1.7002,1.5508,1.3871,1.2118,1.028,0.83982,0.65217,0.47073,0.30241,0.15651,0.050997
0.25796,0.57443,0.91867,1.2583,1.5847,1.8925,2.1772,2.4351,2.6632,2.8591,3.0216,3.1507,3.2474,3.3138,3.3531,3.3692,3.3663,3.349,3.3211,3.2859,3.2454,3.2004,3.1502,3.0931,3.0266,2.9474,2.8524,2.7389,2.6047,2.4485,2.2702,2.0707,1.8523,1.6181,1.3727,1.1215,0.87089,0.6286,0.40383,0.209,0.068101
0.30937,0.68893,1.1019,1.5095,1.9014,2.2712,2.6136,2.924,3.1988,3.4352,3.6317,3.7881,3.9055,3.9865,4.0349,4.0553,4.0529,4.0329,4.0001,3.9584,3.9102,3.8564,3.7964,3.728,3.6481,3.5529,3.4387,3.302,3.1403,2.9521,2.7372,2.4968,2.2334,1.9511,1.6552,1.3523,1.0501,0.758,0.48697,0.25203,0.08212
0.34834,0.77575,1.2409,1.7002,2.1421,2.5594,2.9462,3.2972,3.6083,3.8764,4.0997,4.2779,4.4122,4.5054,4.5617,4.5862,4.5848,4.5634,4.5274,4.4811,4.4274,4.3672,4.2999,4.2229,4.1328,4.0253,3.8962,3.7416,3.5586,3.3455,3.102,2.8297,2.5313,2.2114,1.8761,1.5327,1.1903,0.85915,0.55195,0.28566,0.093079
0.37664,0.83885,1.342,1.8391,2.3177,2.7701,3.1898,3.5712,3.9098,4.2022,4.4462,4.6416,4.7894,4.8926,4.9557,4.9842,4.9844,4.9628,4.925,4.8759,4.8186,4.754,4.6815,4.5984,4.5009,4.3843,4.2441,4.076,3.8769,3.6449,3.3798,3.0832,2.7582,2.4097,2.0443,1.6702,1.2971,0.93625,0.60149,0.3113,0.10143
0.39632,0.88274,1.4125,1.936,2.4406,2.9179,3.3614,3.765,4.124,4.4345,4.6945,4.9032,5.062,5.1736,5.2428,5.2753,5.2776,5.2566,5.2184,5.168,5.1085,5.0413,4.9654,4.8782,4.7754,4.6524,4.504,4.3261,4.115,3.8691,3.588,3.2732,2.9283,2.5584,2.1705,1.7734,1.3772,0.9941,0.63866,0.33055,0.1077
0.40916,0.91141,1.4586,1.9997,2.5217,3.016,3.4759,3.8952,4.2688,4.5929,4.8649,5.0842,5.2517,5.3706,5.4453,5.4817,5.4868,5.4673,5.4296,5.379,5.3188,5.2503,5.1725,5.0827,4.9765,4.849,4.6951,4.51,4.2905,4.0344,3.7415,3.4135,3.0539,2.6682,2.2638,1.8496,1.4365,1.0369,0.66616,0.34478,0.11234
0.41658,0.92803,1.4854,2.0371,2.5696,3.0747,3.5452,3.975,4.3588,4.6926,4.9736,5.2011,5.376,5.501,5.5809,5.6215,5.6296,5.6123,5.5762,5.5264,5.4665,5.3978,5.3193,5.2282,5.1201,4.9898,4.8321,4.6423,4.4168,4.1536,3.8524,3.5149,3.1448,2.7478,2.3314,1.9049,1.4794,1.0679,0.68612,0.35511,0.11571
0.41969,0.93503,1.4969,2.0534,2.5912,3.1019,3.5784,4.0145,4.4049,4.7454,5.0331,5.267,5.4478,5.5784,5.6631,5.7079,5.7195,5.7051,5.6712,5.6231,5.5645,5.4965,5.4183,5.327,5.2181,5.0865,4.9266,4.7339,4.5045,4.2365,3.9297,3.5857,3.2084,2.8035,2.3788,1.9437,1.5096,1.0898,0.70015,0.36238,0.11808
0.41932,0.93431,1.4961,2.0528,2.5915,3.1037,3.5824,4.0215,4.4155,4.7602,5.0526,5.2914,5.4773,5.6128,5.7021,5.7512,5.7667,5.7557,5.7247,5.6791,5.6224,5.556,5.479,5.3884,5.2797,5.1478,4.9871,4.7928,4.5613,4.2905,3.9802,3.6322,3.2502,2.8403,2.4101,1.9694,1.5296,1.1042,0.70946,0.36721,0.11965
0.41613,0.92731,1.4852,2.0385,2.5744,3.0847,3.5626,4.0019,4.3971,4.7439,5.0393,5.2817,5.4718,5.6117,5.7056,5.759,5.7787,5.7716,5.744,5.7015,5.6475,5.5834,5.5083,5.4191,5.3116,5.1802,5.0197,4.8252,4.593,4.321,4.009,3.6589,3.2745,2.8617,2.4285,1.9845,1.5414,1.1128,0.71496,0.37006,0.12058
0.41064,0.91516,1.466,2.0128,2.5431,3.0487,3.5231,3.9602,4.3545,4.7017,4.9986,5.2437,5.4371,5.5809,5.6791,5.7371,5.7612,5.7583,5.7348,5.6959,5.6452,5.584,5.5113,5.4244,5.3187,5.1888,5.0294,4.8357,4.604,4.3321,4.0199,3.6693,3.2841,2.8704,2.4361,1.9908,1.5464,1.1164,0.71733,0.37129,0.12098
0.40324,0.89878,1.4401,1.9779,2.4999,2.9986,3.4673,3.9001,4.2918,4.6378,4.935,5.1816,5.3777,5.525,5.6274,5.6898,5.7186,5.7202,5.7011,5.6664,5.6195,5.5617,5.4922,5.408,5.3048,5.1771,5.0197,4.8276,4.5974,4.3268,4.0157,3.666,3.2816,2.8685,2.4347,1.9898,1.5457,1.116,0.71707,0.37116,0.12094
0.39429,0.87891,1.4085,1.9352,2.447,2.9367,3.3978,3.8247,4.2121,4.5555,4.8518,5.0991,5.2971,5.4476,5.5538,5.6207,5.6542,5.6607,5.6464,5.6162,5.5735,5.5197,5.4538,5.373,5.2728,5.1479,4.9931,4.8036,4.5757,4.3074,3.9985,3.6509,3.2686,2.8575,2.4256,1.9826,1.5402,1.112,0.71457,0.36988,0.12053
0.38405,0.85618,1.3724,1.8862,2.3861,2.865,3.317,3.7363,4.118,4.4577,4.752,4.9991,5.1984,5.3515,5.4613,5.5326,5.5709,5.5825,5.5731,5.5478,5.5098,5.4603,5.3985,5.3215,5.2248,5.1034,4.9519,4.7656,4.5409,4.2757,3.97,3.6256,3.2465,2.8386,2.4098,1.9699,1.5305,1.1051,0.71013,0.36759,0.11978
0.37278,0.83114,1.3326,1.832,2.3184,2.7853,3.2267,3.6372,4.012,4.3467,4.6381,4.884,5.084,5.2392,5.3523,5.4278,5.4709,5.4876,5.4835,5.4633,5.4303,5.3855,5.3282,5.2554,5.1628,5.0453,4.8976,4.7152,4.4944,4.2332,3.9315,3.5913,3.2163,2.8127,2.3881,1.9524,1.517,1.0954,0.70397,0.36441,0.11875
0.36068,0.80424,1.2897,1.7736,2.2455,2.699,3.1286,3.5292,3.896,4.2247,4.5122,4.7562,4.9561,5.1128,5.2289,5.3084,5.3562,5.378,5.3792,5.3644,5.3366,5.2968,5.2443,5.176,5.0879,4.9748,4.8316,4.6536,4.4373,4.1808,3.884,3.5488,3.1789,2.7805,2.3611,1.9306,1.5002,1.0834,0.69627,0.36044,0.11746
0.34793,0.7759,1.2445,1.7119,2.1683,2.6075,3.0244,3.414,3.7717,4.0936,4.3762,4.6175,4.8167,4.9744,5.093,5.1761,5.2285,5.2554,5.2619,5.2525,5.2301,5.1956,5.1481,5.0848,5.0015,4.8932,4.7548,4.5818,4.3707,4.1195,3.8283,3.4988,3.135,2.7426,2.3293,1.9049,1.4804,1.0692,0.68718,0.35575,0.11593
0.33471,0.74649,1.1976,1.6478,2.0879,2.5121,2.9153,3.2931,3.6409,3.955,4.232,4.4698,4.6676,4.8257,4.9463,5.0327,5.0893,5.1211,5.133,5.129,5.112,5.0829,5.0407,4.9825,4.9044,4.8013,4.6682,4.5006,4.2952,4.05,3.765,3.4421,3.0849,2.6994,2.2931,1.8755,1.4578,1.053,0.67681,0.3504,0.11419
0.32116,0.71634,1.1494,1.582,2.0052,2.4136,2.8026,3.1679,3.5051,3.8105,4.0812,4.3148,4.5103,4.6683,4.7903,4.8796,4.9401,4.9766,4.9937,4.9952,4.9836,4.9599,4.9231,4.8703,4.7975,4.6999,4.5724,4.4108,4.2116,3.9729,3.6948,3.379,3.0293,2.6514,2.2528,1.8429,1.4326,1.0349,0.66526,0.34444,0.11225
0.30742,0.68573,1.1005,1.515,1.921,2.3132,2.6875,3.0395,3.3655,3.6617,3.9252,4.1539,4.3467,4.5037,4.6267,4.7183,4.7824,4.8233,4.8453,4.852,4.8459,4.8277,4.7963,4.749,4.6818,4.5898,4.4684,4.313,4.1204,3.8888,3.6181,3.31,2.9684,2.5988,2.2087,1.8072,1.4051,1.0151,0.6526,0.33791,0.11013
0.29359,0.65493,1.0512,1.4475,1.836,2.2118,2.5708,2.9093,3.2234,3.5098,3.7656,3.9887,4.178,4.3336,4.4568,4.5503,4.6174,4.6623,4.689,4.7008,4.6999,4.6871,4.6611,4.6194,4.5579,4.4718,4.3566,4.2077,4.0222,3.7981,3.5353,3.2356,2.9027,2.5421,2.161,1.7685,1.3753,0.99373,0.63891,0.33084,0.10783
0.27978,0.62417,1.002,1.38,1.7508,2.11,2.4537,2.7782,3.0801,3.3562,3.6037,3.8205,4.0057,4.1592,4.2821,4.3769,4.4466,4.4951,4.526,4.5425,4.5467,4.5391,4.5186,4.4823,4.4265,4.3466,4.2377,4.0957,3.9175,3.7013,3.4469,3.1561,2.8324,2.4814,2.11,1.7272,1.3434,0.97083,0.62426,0.32328,0.10537
0.26608,0.59365,0.95308,1.3129,1.6662,2.0086,2.3367,2.6471,2.9365,3.2018,3.4405,3.6507,3.8312,3.9819,4.104,4.1994,4.2712,4.3227,4.3575,4.3784,4.3874,4.3848,4.3695,4.3387,4.2886,4.2147,4.1124,3.9775,3.8069,3.5989,3.3533,3.0718,2.758,2.417,2.0559,1.6833,1.3095,0.94652,0.6087,0.31525,0.10275
0.25258,0.56355,0.90485,1.2467,1.5825,1.9083,2.2208,2.5169,2.7935,3.0479,3.2774,3.4804,3.6556,3.8031,3.9236,4.0192,4.0924,4.1465,4.1847,4.2096,4.223,4.2251,4.2148,4.1893,4.1449,4.0771,3.9813,3.8537,3.6909,3.4914,3.255,2.9832,2.6796,2.3492,1.9988,1.637,1.2738,0.92089,0.5923,0.30678,0.099996
0.23932,0.534,0.85749,1.1816,1.5002,1.8095,2.1065,2.3883,2.6521,2.8952,3.1153,3.3106,3.4802,3.6238,3.7423,3.8374,3.9115,3.9676,4.0087,4.0371,4.0545,4.061,4.0554,4.035,3.9961,3.9343,3.8452,3.7248,3.5701,3.3793,3.1523,2.8907,2.5976,2.2782,1.9392,1.5886,1.2365,0.89404,0.57511,0.2979,0.097108
0.22638,0.50515,0.81121,1.118,1.4196,1.7127,1.9944,2.262,2.5129,2.7446,2.955,3.1424,3.3059,3.4452,3.5611,3.6552,3.7296,3.7872,3.8306,3.8621,3.8831,3.8936,3.8923,3.8768,3.8432,3.7873,3.7047,3.5916,3.445,3.2631,3.0458,2.7945,2.5125,2.2045,1.8771,1.5383,1.1975,0.86608,0.55721,0.28866,0.0941
0.2138,0.47708,0.76619,1.056,1.3411,1.6183,1.885,2.1385,2.3766,2.5969,2.7974,2.9766,3.1337,3.2683,3.3811,3.4736,3.5479,3.6064,3.6516,3.6856,3.7097,3.7237,3.7265,3.7155,3.6869,3.6367,3.5606,3.4548,3.3163,3.1434,2.936,2.6953,2.4245,2.1282,1.8128,1.4861,1.1573,0.83712,0.53866,0.27908,0.090982
0.20161,0.44988,0.72254,0.99595,1.265,1.5266,1.7785,2.0183,2.2437,2.4526,2.6432,2.8141,2.9644,3.0939,3.2033,3.2938,3.3673,3.4262,3.4727,3.5087,3.5353,3.5525,3.559,3.552,3.5282,3.4835,3.4137,3.315,3.1846,3.0208,2.8232,2.5933,2.334,2.0498,1.7467,1.4324,1.1157,0.80727,0.51954,0.2692,0.087766
0.18983,0.42362,0.68039,0.9379,1.1913,1.4379,1.6754,1.9017,2.1146,2.3123,2.493,2.6554,2.7988,2.923,3.0285,3.1165,3.1888,3.2475,3.2948,3.3323,3.3611,3.3809,3.3905,3.3874,3.368,3.3284,3.2646,3.173,3.0506,2.8958,2.7082,2.4892,2.2415,1.9695,1.679,1.3773,1.0732,0.77665,0.49992,0.25907,0.084467
0.17851,0.39834,0.6398,0.88198,1.1203,1.3524,1.5759,1.789,1.9897,2.1763,2.3472,2.5012,2.6375,2.7561,2.8574,2.9426,3.0133,3.0714,3.119,3.1575,3.1879,3.2099,3.2222,3.2224,3.207,3.1723,3.1143,3.0295,2.9149,2.769,2.5915,2.3834,2.1474,1.8877,1.61,1.3212,1.0297,0.7454,0.47989,0.24872,0.081098
0.16763,0.37408,0.60083,0.82827,1.0522,1.2701,1.4802,1.6805,1.8694,2.0451,2.2062,2.3518,2.481,2.5939,2.6908,2.7728,2.8414,2.8986,2.9459,2.985,3.0165,3.0402,3.0548,3.0579,3.0462,3.016,2.9635,2.8852,2.7783,2.6412,2.4736,2.2763,2.0521,1.8048,1.54,1.2642,0.98565,0.71366,0.45954,0.2382,0.077673
0.15722,0.35085,0.56351,0.77682,0.9868,1.1912,1.3883,1.5763,1.7537,1.9188,2.0704,2.2076,2.3298,2.4368,2.5291,2.6077,2.674,2.7297,2.7765,2.8156,2.8478,2.8728,2.8892,2.8948,2.8864,2.8604,2.813,2.7409,2.6415,2.513,2.3551,2.1686,1.9561,1.7213,1.4693,1.2067,0.94109,0.68157,0.43896,0.22756,0.074209
0.14728,0.32865,0.52786,0.72765,0.92433,1.1158,1.3004,1.4766,1.6428,1.7976,1.94,2.069,2.1841,2.2852,2.3728,2.4478,2.5115,2.5655,2.6113,2.6501,2.6826,2.7084,2.7263,2.7339,2.7284,2.7061,2.6635,2.5973,2.505,2.3849,2.2366,2.0608,1.8599,1.6375,1.3984,1.1489,0.89628,0.64928,0.41825,0.21685,0.07072
0.1378,0.3075,0.49387,0.68077,0.86474,1.0438,1.2165,1.3813,1.5368,1.6817,1.8151,1.9361,2.0442,2.1395,2.2223,2.2935,2.3543,2.4063,2.4509,2.4891,2.5214,2.5477,2.5665,2.5759,2.5728,2.5539,2.5157,2.4552,2.3697,2.2577,2.1186,1.9534,1.7639,1.5537,1.3275,1.091,0.85142,0.61695,0.39749,0.20612,0.067224
0.12878,0.28737,0.46153,0.63616,0.80802,0.9753,1.1366,1.2904,1.4357,1.5711,1.6958,1.809,1.9104,1.9998,2.0778,2.1451,2.203,2.2528,2.2957,2.333,2.3649,2.3912,2.4108,2.4214,2.4204,2.4045,2.3704,2.3151,2.2361,2.1319,2.0019,1.8468,1.6686,1.4705,1.2569,1.0334,0.80673,0.58471,0.3768,0.19541,0.063736
0.12022,0.26826,0.43081,0.59378,0.75412,0.91017,1.0606,1.2041,1.3395,1.4658,1.5821,1.6878,1.7826,1.8663,1.9395,2.0029,2.0577,2.1051,2.1463,2.1823,2.2135,2.2396,2.2594,2.271,2.2717,2.2584,2.2281,2.1776,2.1048,2.008,1.8868,1.7416,1.5744,1.3882,1.1871,0.97635,0.76241,0.55273,0.35625,0.18478,0.060272
0.1121,0.25013,0.40167,0.55358,0.703,0.84838,0.98845,1.1221,1.2482,1.3658,1.4741,1.5725,1.6608,1.739,1.8075,1.867,1.9186,1.9635,2.0028,2.0373,2.0676,2.0932,2.113,2.1253,2.1273,2.1164,2.0893,2.0434,1.9764,1.8867,1.7738,1.6383,1.4818,1.3071,1.1182,0.92004,0.71866,0.52114,0.33595,0.17427,0.056848
0.10441,0.23296,0.37408,0.51551,0.65459,0.78985,0.92013,1.0444,1.1616,1.2709,1.3715,1.4631,1.5452,1.618,1.6819,1.7375,1.7859,1.8282,1.8654,1.8984,1.9275,1.9523,1.9719,1.9845,1.9877,1.9787,1.9546,1.9129,1.8513,1.7683,1.6635,1.5372,1.3911,1.2276,1.0506,0.86475,0.67567,0.49008,0.31599,0.16393,0.05348
0.097136,0.21673,0.34799,0.4795,0.60879,0.73449,0.8555,0.97085,1.0796,1.181,1.2744,1.3593,1.4356,1.5032,1.5626,1.6144,1.6597,1.6993,1.7344,1.7656,1.7934,1.8173,1.8365,1.8492,1.8531,1.8458,1.8244,1.7865,1.7299,1.6534,1.5562,1.4388,1.3026,1.1501,0.98462,0.81069,0.63361,0.45968,0.29644,0.15381,0.05018
0.090265,0.20139,0.32334,0.44549,0.56553,0.68219,0.79444,0.90139,1.0022,1.0961,1.1826,1.2613,1.3318,1.3945,1.4495,1.4977,1.5398,1.5768,1.6097,1.6391,1.6654,1.6883,1.7068,1.7194,1.7239,1.718,1.699,1.6646,1.6128,1.5422,1.4522,1.3433,1.2167,1.0747,0.92041,0.75807,0.59264,0.43005,0.27738,0.14394,0.046961
0.083781,0.18692,0.30008,0.41339,0.52471,0.63284,0.73683,0.83585,0.92914,1.016,1.096,1.1686,1.2338,1.2917,1.3427,1.3872,1.4263,1.4607,1.4914,1.519,1.5437,1.5654,1.5832,1.5955,1.6004,1.5956,1.5787,1.5475,1.5,1.435,1.352,1.2511,1.1337,1.0017,0.85822,0.70706,0.5529,0.4013,0.25887,0.13435,0.043835
0.077668,0.17327,0.27815,0.38314,0.48623,0.58632,0.68253,0.77408,0.86028,0.9405,1.0143,1.0813,1.1414,1.1948,1.2418,1.2829,1.319,1.3509,1.3794,1.4051,1.4283,1.4487,1.4656,1.4774,1.4825,1.4787,1.4637,1.4353,1.3919,1.3322,1.2556,1.1624,1.0537,0.93138,0.79822,0.65781,0.51452,0.37351,0.24098,0.12508,0.040812
0.071909,0.16042,0.25749,0.35464,0.44999,0.54252,0.63141,0.71593,0.79545,0.86941,0.93738,0.99908,1.0544,1.1035,1.1467,1.1846,1.2178,1.2472,1.2736,1.2974,1.319,1.3381,1.354,1.3654,1.3705,1.3674,1.354,1.3283,1.2886,1.2338,1.1634,1.0774,0.977,0.86385,0.74057,0.61046,0.47759,0.34676,0.22376,0.11615,0.0379
0.066489,0.14832,0.23805,0.32782,0.4159,0.50131,0.58332,0.66124,0.73449,0.80257,0.86508,0.92178,0.9726,1.0177,1.0573,1.092,1.1225,1.1496,1.1739,1.1959,1.2159,1.2337,1.2485,1.2593,1.2644,1.2619,1.2499,1.2266,1.1903,1.1401,1.0754,0.99625,0.90367,0.79926,0.68537,0.56509,0.44219,0.32111,0.20723,0.10758,0.035106
0.061392,0.13694,0.21977,0.30261,0.38384,0.46258,0.53812,0.60985,0.67722,0.73978,0.79717,0.84918,0.89576,0.93702,0.9733,1.0051,1.033,1.0578,1.08,1.1003,1.1187,1.1352,1.149,1.1591,1.164,1.162,1.1513,1.1301,1.097,1.0511,0.99167,0.91899,0.83383,0.73767,0.63272,0.5218,0.40838,0.29661,0.19144,0.099389,0.032434
0.056601,0.12625,0.20259,0.27892,0.35373,0.42621,0.49569,0.56161,0.62347,0.68086,0.73346,0.78108,0.82367,0.86138,0.89451,0.92351,0.949,0.97161,0.99196,1.0105,1.0274,1.0426,1.0553,1.0647,1.0694,1.0677,1.0581,1.0389,1.0088,0.96673,0.91234,0.84569,0.76751,0.67917,0.58266,0.48061,0.37621,0.27328,0.1764,0.091588,0.02989
0.052102,0.11621,0.18646,0.25668,0.32547,0.39207,0.45587,0.51635,0.57306,0.62562,0.67374,0.71725,0.75613,0.79052,0.82069,0.84709,0.87028,0.89085,0.90938,0.92628,0.94174,0.95561,0.96734,0.97602,0.98039,0.97901,0.97034,0.9529,0.92545,0.88708,0.83736,0.77637,0.70475,0.62376,0.53523,0.44156,0.34569,0.25114,0.16213,0.084183,0.027474
0.047879,0.10678,0.17133,0.23581,0.29895,0.36005,0.41854,0.47394,0.52583,0.57388,0.61781,0.6575,0.69292,0.7242,0.75161,0.77558,0.79662,0.81527,0.83208,0.84743,0.8615,0.87414,0.88485,0.89281,0.89687,0.89569,0.88786,0.87203,0.84705,0.81208,0.76671,0.71099,0.64552,0.57144,0.49042,0.40465,0.31684,0.23021,0.14863,0.077176,0.025188
0.043919,0.097948,0.15713,0.21624,0.2741,0.33004,0.38356,0.43421,0.48161,0.52545,0.56549,0.60161,0.6338,0.6622,0.68705,0.70875,0.72778,0.74464,0.75984,0.77373,0.78647,0.79793,0.80767,0.81492,0.81864,0.81761,0.81053,0.79616,0.77345,0.74163,0.7003,0.64951,0.58979,0.52219,0.44821,0.36987,0.28964,0.21047,0.13589,0.070566,0.023031
0.040207,0.089665,0.14383,0.19791,0.25082,0.30195,0.35082,0.39704,0.44024,0.48016,0.51657,0.54938,0.57858,0.60429,0.62677,0.64636,0.66352,0.67872,0.69241,0.70493,0.71642,0.72678,0.73558,0.74215,0.74553,0.7446,0.73818,0.72515,0.70453,0.67561,0.63803,0.59183,0.53749,0.47594,0.40856,0.33719,0.26408,0.1919,0.12391,0.064349,0.021003
0.03673,0.081908,0.13138,0.18075,0.22903,0.27566,0.32019,0.36227,0.40157,0.43784,0.47088,0.50061,0.52704,0.55027,0.57054,0.58819,0.60362,0.61728,0.62957,0.64081,0.65113,0.66044,0.66837,0.67428,0.67731,0.67645,0.67063,0.65881,0.64011,0.61389,0.57979,0.53786,0.48853,0.43262,0.37142,0.30656,0.24011,0.1745,0.11268,0.058517,0.0191
0.033477,0.074649,0.11972,0.1647,0.20865,0.25107,0.29157,0.32979,0.36546,0.39833,0.42825,0.45513,0.47898,0.49991,0.51815,0.534,0.54784,0.56006,0.57106,0.58112,0.59036,0.59869,0.60579,0.61108,0.61378,0.61297,0.60768,0.59698,0.58005,0.55631,0.52544,0.48748,0.4428,0.39216,0.3367,0.27793,0.21769,0.15822,0.10217,0.053062,0.017319
0.030434,0.067862,0.10883,0.14969,0.1896,0.22811,0.26483,0.29947,0.33175,0.36148,0.38849,0.41273,0.43421,0.45303,0.46939,0.48358,0.49595,0.50686,0.51667,0.52563,0.53387,0.54129,0.54762,0.55233,0.55471,0.55394,0.54913,0.53945,0.52415,0.50271,0.47483,0.44054,0.40018,0.35444,0.30433,0.25123,0.19679,0.14303,0.092367,0.047971,0.015658
0.027591,0.06152,0.09865,0.13567,0.17182,0.20667,0.23988,0.27118,0.30033,0.32713,0.35146,0.37326,0.39254,0.40941,0.42405,0.43672,0.44774,0.45744,0.46616,0.47412,0.48143,0.48802,0.49363,0.4978,0.49988,0.49914,0.49477,0.48602,0.47223,0.45291,0.4278,0.39691,0.36056,0.31936,0.27422,0.22638,0.17733,0.12889,0.08324,0.043232,0.014111
0.024938,0.055601,0.089151,0.12259,0.15523,0.18667,0.21663,0.24483,0.27106,0.29516,0.31701,0.33655,0.35381,0.36888,0.38193,0.39321,0.40299,0.4116,0.41932,0.42635,0.43282,0.43865,0.4436,0.44726,0.44907,0.44835,0.44439,0.4365,0.42409,0.40673,0.38418,0.35644,0.3238,0.2868,0.24628,0.20331,0.15927,0.11577,0.074764,0.03883,0.012674
0.022463,0.050082,0.080295,0.1104,0.13977,0.16805,0.19497,0.22029,0.24383,0.26542,0.28498,0.30244,0.31784,0.33126,0.34287,0.35286,0.36152,0.36913,0.37593,0.38213,0.38782,0.39295,0.3973,0.40051,0.40206,0.40136,0.39777,0.39068,0.37955,0.36399,0.3438,0.31897,0.28976,0.25666,0.22039,0.18195,0.14253,0.1036,0.06691,0.034751,0.011343
0.020159,0.044943,0.072049,0.09905,0.12538,0.15072,0.17483,0.19748,0.21852,0.2378,0.25524,0.27079,0.28448,0.29639,0.30667,0.3155,0.32314,0.32982,0.3358,0.34124,0.34623,0.35072,0.35452,0.35731,0.35864,0.35796,0.35471,0.34835,0.3384,0.32451,0.30649,0.28436,0.25831,0.2288,0.19647,0.1622,0.12706,0.092358,0.059648,0.03098,0.010112
0.018016,0.040163,0.064382,0.088499,0.11201,0.13462,0.15612,0.1763,0.19503,0.21218,0.22767,0.24146,0.25359,0.26411,0.27317,0.28095,0.28765,0.29351,0.29873,0.30348,0.30784,0.31175,0.31506,0.31748,0.31859,0.31794,0.31502,0.30933,0.30047,0.28811,0.2721,0.25244,0.22931,0.2031,0.1744,0.14398,0.11279,0.081984,0.052948,0.0275,0.0089762
0.016025,0.035724,0.057263,0.078704,0.099597,0.11968,0.13876,0.15667,0.17327,0.18845,0.20214,0.21433,0.22501,0.23427,0.24223,0.24904,0.2549,0.26001,0.26456,0.26869,0.27246,0.27586,0.27872,0.2808,0.28174,0.28111,0.27849,0.27343,0.26556,0.25462,0.24045,0.22306,0.20262,0.17946,0.15409,0.12721,0.099655,0.072436,0.046782,0.024297,0.0079308
0.01418,0.031611,0.050665,0.069629,0.0881,0.10585,0.1227,0.1385,0.15314,0.16651,0.17856,0.18926,0.19863,0.20674,0.21369,0.21963,0.22473,0.22916,0.2331,0.23667,0.23993,0.24286,0.24532,0.2471,0.24787,0.24728,0.24494,0.24045,0.23351,0.22387,0.2114,0.1961,0.17811,0.15775,0.13545,0.11182,0.087593,0.063669,0.041119,0.021356,0.0069708
0.012474,0.027805,0.044563,0.061236,0.077471,0.093064,0.10786,0.12172,0.13455,0.14626,0.1568,0.16615,0.17433,0.18139,0.18743,0.19258,0.19698,0.20081,0.2042,0.20727,0.21007,0.21258,0.21469,0.21619,0.21683,0.21628,0.21419,0.21024,0.20415,0.1957,0.18478,0.17139,0.15567,0.13786,0.11837,0.097716,0.076545,0.055637,0.035932,0.018662,0.0060913
0.010899,0.024294,0.038933,0.053495,0.067669,0.081276,0.094179,0.10626,0.11744,0.12763,0.13679,0.1449,0.15199,0.1581,0.16331,0.16775,0.17153,0.17481,0.17771,0.18034,0.18273,0.18486,0.18665,0.18792,0.18844,0.18793,0.18608,0.18263,0.17731,0.16996,0.16046,0.14883,0.13516,0.1197,0.10277,0.084833,0.066452,0.0483,0.031193,0.0162,0.0052879
0.0094501,0.021064,0.033754,0.046374,0.058654,0.070438,0.081607,0.09206,0.10172,0.11052,0.11842,0.12541,0.13151,0.13676,0.14123,0.14502,0.14825,0.15104,0.15351,0.15573,0.15775,0.15956,0.16107,0.16213,0.16255,0.16208,0.16046,0.15746,0.15286,0.1465,0.1383,0.12826,0.11648,0.10315,0.088556,0.073098,0.057258,0.041617,0.026876,0.013958,0.0045561
0.0081212,0.018101,0.029005,0.039846,0.050392,0.060508,0.07009,0.079054,0.087328,0.094861,0.10162,0.10759,0.1128,0.11726,0.12107,0.12428,0.12702,0.12937,0.13145,0.13332,0.13502,0.13654,0.1378,0.13868,0.13901,0.13858,0.13718,0.13459,0.13065,0.1252,0.11818,0.10959,0.099519,0.088121,0.075652,0.062445,0.048912,0.03555,0.022958,0.011923,0.0038917
0.0069074,0.015395,0.024668,0.033886,0.042849,0.051444,0.059582,0.06719,0.074208,0.080593,0.086315,0.091367,0.095761,0.099531,0.10273,0.10543,0.10772,0.1097,0.11143,0.11299,0.1144,0.11566,0.1167,0.11743,0.11768,0.1173,0.1161,0.1139,0.11054,0.10592,0.099976,0.092704,0.084176,0.074531,0.063982,0.05281,0.041364,0.030063,0.019414,0.010083,0.003291
0.0058041,0.012936,0.020726,0.028469,0.035996,0.04321,0.050039,0.056419,0.062301,0.067648,0.072437,0.076659,0.080328,0.08347,0.086132,0.088377,0.090276,0.091906,0.093336,0.09462,0.095783,0.096816,0.097671,0.098258,0.098457,0.098122,0.097102,0.095247,0.092431,0.088559,0.083579,0.077494,0.07036,0.062295,0.053475,0.044136,0.034569,0.025124,0.016224,0.0084259,0.0027502
0.0048069,0.010713,0.017164,0.023574,0.029804,0.035774,0.041422,0.046697,0.051557,0.055972,0.059922,0.063402,0.066422,0.069005,0.07119,0.073029,0.074582,0.075911,0.077076,0.078119,0.079063,0.079901,0.080591,0.081062,0.081212,0.080924,0.080071,0.078532,0.076202,0.073002,0.068892,0.063871,0.057987,0.051337,0.044067,0.036369,0.028485,0.020702,0.013368,0.0069426,0.002266
0.0039121,0.0087187,0.013968,0.019183,0.024251,0.029106,0.033697,0.037983,0.041929,0.045512,0.048716,0.051535,0.053979,0.056067,0.057831,0.059312,0.060561,0.061628,0.062561,0.063395,0.064149,0.064817,0.065366,0.065737,0.065849,0.065606,0.064906,0.063651,0.061756,0.059157,0.055822,0.05175,0.04698,0.04159,0.035698,0.029461,0.023074,0.016769,0.010828,0.0056234,0.0018355
0.0031162,0.0069449,0.011126,0.015279,0.019314,0.023178,0.026831,0.03024,0.033378,0.036224,0.038768,0.041005,0.042942,0.044595,0.045989,0.047158,0.048142,0.048981,0.049713,0.050367,0.050957,0.051479,0.051907,0.052194,0.052275,0.052076,0.051514,0.050513,0.049004,0.046938,0.044287,0.041054,0.037268,0.03299,0.028316,0.023368,0.018301,0.0133,0.008588,0.00446,0.0014557
0.0024162,0.0053848,0.0086262,0.011846,0.014973,0.017967,0.020797,0.023437,0.025865,0.028067,0.030034,0.031762,0.033257,0.034532,0.035605,0.036504,0.03726,0.037903,0.038463,0.038962,0.039413,0.039811,0.040136,0.040352,0.04041,0.040251,0.039813,0.039035,0.037865,0.036266,0.034216,0.031716,0.028789,0.025484,0.021872,0.018049,0.014135,0.010272,0.006633,0.0034446,0.0011243
0.0018095,0.0040326,0.0064598,0.0088704,0.011212,0.013453,0.01557,0.017544,0.01936,0.021006,0.022475,0.023765,0.02488,0.02583,0.026629,0.027298,0.027858,0.028335,0.028749,0.029119,0.029451,0.029745,0.029984,0.030142,0.030182,0.03006,0.029729,0.029146,0.02827,0.027074,0.025542,0.023675,0.021489,0.019021,0.016324,0.013471,0.010549,0.0076662,0.0049502,0.0025707,0.00083905
0.0012937,0.002883,0.0046181,0.0063412,0.0080144,0.0096158,0.011128,0.012539,0.013835,0.01501,0.016058,0.016977,0.017772,0.018448,0.019016,0.019491,0.019889,0.020227,0.02052,0.020781,0.021016,0.021223,0.021391,0.021501,0.021528,0.021439,0.021202,0.020784,0.020158,0.019304,0.018211,0.016878,0.015319,0.013559,0.011637,0.0096024,0.0075197,0.0054644,0.0035284,0.0018323,0.00059806
0.00086676,0.0019316,0.0030941,0.0042484,0.0053691,0.0064416,0.0074545,0.0083985,0.0092662,0.010052,0.010753,0.011368,0.011899,0.01235,0.012729,0.013045,0.01331,0.013535,0.01373,0.013903,0.014058,0.014195,0.014307,0.014379,0.014396,0.014335,0.014176,0.013895,0.013476,0.012904,0.012173,0.011282,0.010239,0.0090627,0.0077775,0.0064177,0.0050257,0.003652,0.0023581,0.0012246,0.00039969
0.00052718,0.0011748,0.0018818,0.0025838,0.0032653,0.0039174,0.0045331,0.0051069,0.0056342,0.0061116,0.0065372,0.0069105,0.0072326,0.0075063,0.0077361,0.0079277,0.0080879,0.0082236,0.0083413,0.0084458,0.0085397,0.0086222,0.0086891,0.0087326,0.008742,0.0087047,0.0086073,0.0084367,0.0081818,0.0078344,0.00739,0.0068487,0.0062157,0.0055013,0.004721,0.0038956,0.0030505,0.0022167,0.0014313,0.00074329,0.0002426
0.00027361,0.00060973,0.00097666,0.001341,0.0016946,0.002033,0.0023525,0.0026501,0.0029236,0.0031711,0.0033918,0.0035852,0.0037521,0.0038939,0.0040128,0.004112,0.0041948,0.0042649,0.0043256,0.0043796,0.004428,0.0044705,0.0045049,0.0045272,0.0045319,0.0045124,0.0044616,0.004373,0.0042408,0.0040606,0.0038301,0.0035495,0.0032214,0.0028511,0.0024466,0.0020188,0.0015809,0.0011487,0.00074173,0.00038518,0.00012572
0.0001051,0.00023422,0.00037516,0.0005151,0.00065093,0.00078088,0.00090357,0.0010179,0.0011229,0.0012179,0.0013026,0.0013769,0.0014409,0.0014953,0.0015409,0.0015789,0.0016106,0.0016374,0.0016607,0.0016813,0.0016998,0.0017161,0.0017292,0.0017377,0.0017395,0.0017319,0.0017124,0.0016784,0.0016276,0.0015584,0.0014699,0.0013622,0.0012362,0.0010941,0.00093889,0.00077471,0.00060664,0.00044082,0.00028463,0.00014781,4.8243E-05
2.1008E-05,4.6816E-05,7.4988E-05,0.00010296,0.00013011,0.00015608,0.0001806,0.00020344,0.00022443,0.00024342,0.00026034,0.00027517,0.00028797,0.00029883,0.00030793,0.00031552,0.00032185,0.00032721,0.00033185,0.00033597,0.00033966,0.0003429,0.00034552,0.00034722,0.00034756,0.00034604,0.00034214,0.00033533,0.00032517,0.00031135,0.00029367,0.00027214,0.00024698,0.00021858,0.00018758,0.00015477,0.0001212,8.8067E-05,5.6864E-05,2.9529E-05,9.6379E-06
